4,0,0,0,0,0,8,0,5,
0,3,0,0,0,0,0,0,0,
0,0,0,7,0,0,0,0,0,
0,2,0,0,0,0,0,6,0,
0,0,0,0,8,0,4,0,0,
0,0,0,0,1,0,0,0,0,
0,0,0,6,0,3,0,7,0,
5,0,0,2,0,0,0,0,0,
1,0,4,0,0,0,0,0,0

4,0,0,0,0,0,8,0,5,\n0,3,0,0,0,0,0,0,0,\n0,0,0,7,0,0,0,0,0,\n0,2,0,0,0,0,0,6,0,\n0,0,0,0,8,0,4,0,0,\n0,0,0,0,1,0,0,0,0,\n0,0,0,6,0,3,0,7,0,\n5,0,0,2,0,0,0,0,0,\n1,0,4,0,0,0,0,0,0

0,0,3,0,2,0,6,0,0,
9,0,0,3,0,5,0,0,1,
0,0,1,8,0,6,4,0,0,
0,0,8,1,0,2,9,0,0,
7,0,0,0,0,0,0,0,8,
0,0,6,7,0,8,2,0,0,
0,0,2,6,0,9,5,0,0,
8,0,0,2,0,3,0,0,9,
0,0,5,0,1,0,3,0,0

0,0,3,0,2,0,6,0,0,\n9,0,0,3,0,5,0,0,1,\n0,0,1,8,0,6,4,0,0,\n0,0,8,1,0,2,9,0,0,\n7,0,0,0,0,0,0,0,8,\n0,0,6,7,0,8,2,0,0,\n0,0,2,6,0,9,5,0,0,\n8,0,0,2,0,3,0,0,9,\n0,0,5,0,1,0,3,0,0