4,1,7,3,6,9,8,2,5,
6,3,2,1,5,8,9,4,7,
9,5,8,7,2,4,3,1,6,
8,2,5,4,3,7,1,6,9,
7,9,1,5,8,6,4,3,2,
3,4,6,9,1,2,7,5,8,
2,8,9,6,4,3,5,7,1,
5,7,3,2,9,1,6,8,4,
1,6,4,8,7,5,2,9,3

1,8,9,5,6,7,2,3,4,2,3,4,8,9,1,6,7,5,5,6,7,2,3,4,8,9,1,6,4,8,7,1,5,3,2,9,7,5,3,9,8,2,1,4,6,9,1,2,3,4,6,7,5,8,4,7,5,1,2,8,9,6,3,3,2,1,6,5,9,4,8,7,8,9,6,4,7,3,5,1,2


//NOK
0,0,3,0,2,0,6,0,0,9,0,0,3,0,5,0,0,1,0,0,1,8,0,6,4,0,0,0,0,8,1,0,2,9,0,0,7,0,0,0,0,0,0,0,8,0,0,6,7,0,8,2,0,0,0,0,2,6,0,9,5,0,0,8,0,0,2,0,3,0,0,9,0,0,5,0,1,0,3,0,0
0,0,0,0,0,0,0,0,0,0,0,0,0,0,0,0,0,0,0,0,0,0,0,0,0,0,0,0,0,0,0,0,0,0,0,0,0,0,0,0,0,0,0,0,0,0,0,0,0,0,0,0,0,0,0,0,0,0,0,0,0,0,0,0,0,0,0,0,0,0,0,0,0,0,0,0,0,0,0,0,0



//OK
0,1,7,3,0,9,8,2,5,6,3,2,0,0,0,0,4,7,9,5,8,7,2,4,3,0,6,8,2,5,4,3,7,1,6,0,7,9,1,5,8,6,4,3,0,3,4,6,9,1,2,0,5,8,2,8,9,0,0,0,0,0,0,5,7,3,2,9,1,6,0,0,0,0,4,8,7,5,2,9,3
0,1,7,3,0,9,8,2,5,6,3,2,0,0,0,0,4,7,9,5,8,7,2,4,3,0,6,8,0,0,0,3,7,1,6,0,7,9,1,5,0,6,4,3,0,3,4,6,9,1,2,0,5,8,2,8,9,0,0,0,0,0,0,5,7,3,0,9,1,6,0,0,0,0,4,8,7,5,0,9,3



